0	1	37
0.957893316338	0.021166198552	0.286343127303	-0.116037250653
0.046437013790	0.972729301298	-0.227247244530	0.017124236501
-0.283344310451	0.230975536443	0.930788001266	-0.113354034795
0.000000000000	0.000000000000	0.000000000000	1.000000000000
0	12	37
0.996224238774	-0.038328482235	-0.077898610564	-0.949561663898
0.042446123040	0.997749359118	0.051908987838	-0.043052616768
0.075733696048	-0.055019485903	0.995608991248	0.610531637703
0.000000000000	0.000000000000	0.000000000000	1.000000000000
2	3	37
0.665001948707	-0.306861316467	0.680888052966	-0.212529020738
0.296703359065	0.945206763502	0.136203123865	-0.011024248456
-0.685375462747	0.111446429672	0.719611123022	0.027889923002
0.000000000000	0.000000000000	0.000000000000	1.000000000000
3	4	37
0.882619228200	0.120907699635	0.454273734856	-0.188315849764
0.112544059987	0.883905668945	-0.453921362097	0.078798885091
-0.456417717198	0.451765532744	0.766544695926	-0.234024864205
0.000000000000	0.000000000000	0.000000000000	1.000000000000
4	5	37
0.978470858958	-0.133700903265	0.157222284157	-0.067653141756
0.043757659379	0.878866173588	0.475057381974	0.078961738464
-0.201692948352	-0.457950125438	0.865795378364	-0.019950670574
0.000000000000	0.000000000000	0.000000000000	1.000000000000
5	6	37
0.789207402926	-0.353832840832	0.501950192664	0.049829956187
0.332493157542	0.933368338197	0.135173390276	-0.001625846281
-0.516333201870	0.060215164203	0.854268200653	0.054367433889
0.000000000000	0.000000000000	0.000000000000	1.000000000000
6	7	37
0.808508105130	-0.355914753071	0.468656945415	0.037707029834
0.368524462065	0.927104684572	0.068312697967	0.161925428629
-0.458807546580	0.117480178713	0.880734944697	-0.317828985103
0.000000000000	0.000000000000	0.000000000000	1.000000000000
7	8	37
0.828014071481	-0.125565584697	0.546466816348	-0.001898325116
0.276044658868	0.939599075080	-0.202368289067	0.131379850643
-0.488049222661	0.318413036870	0.812662964710	-0.253121176692
0.000000000000	0.000000000000	0.000000000000	1.000000000000
8	9	37
0.943866421561	0.166050321474	0.285558170936	-0.198211409734
0.023443592803	0.828617061263	-0.559324739073	0.006605179248
-0.329494425152	0.534622349441	0.778211004338	-0.014395254596
0.000000000000	0.000000000000	0.000000000000	1.000000000000
8	10	37
0.698844774600	-0.357774979213	0.619365033937	-0.307121466840
0.338165916077	0.928290268748	0.154664120442	-0.061202656692
-0.630285486282	0.101361931698	0.769718107221	0.163019950623
0.000000000000	0.000000000000	0.000000000000	1.000000000000
8	15	37
0.917512805138	-0.277403206764	0.284987216001	0.147071374318
0.212197777400	0.947516433640	0.239133249987	-0.296552435805
-0.336366400928	-0.158934165175	0.928222804862	0.766658107051
0.000000000000	0.000000000000	0.000000000000	1.000000000000
8	16	37
0.939885965912	-0.200446480995	0.276469852495	0.637109369588
0.188803106038	0.979630076828	0.068398097370	-0.572717783257
-0.284548340764	-0.012088044936	0.958585479202	1.046957375897
0.000000000000	0.000000000000	0.000000000000	1.000000000000
10	14	37
0.755811505411	-0.287738598388	0.588179791634	-0.454305597408
0.344278307935	0.938716888889	0.016824066097	-0.147532252285
-0.556975237308	0.189781720701	0.808555182726	0.331528729408
0.000000000000	0.000000000000	0.000000000000	1.000000000000
10	15	37
0.923755763245	0.216469875845	-0.315936833440	-0.125527558755
-0.151181178774	0.964053625746	0.218505967585	-0.326844933516
0.351880009459	-0.154082443963	0.923276263859	0.706336741036
0.000000000000	0.000000000000	0.000000000000	1.000000000000
10	16	37
0.896844067317	0.196312442012	-0.396398970771	-0.043405382581
-0.195096490527	0.979803938643	0.043836071953	-0.673491243691
0.396998839169	0.038021926980	0.917031217989	1.206811712101
0.000000000000	0.000000000000	0.000000000000	1.000000000000
11	12	37
0.857194274397	0.003168992087	0.514983430249	-0.337221592555
0.186249307040	0.930387140813	-0.315738758844	0.102904872182
-0.480134534864	0.366564763307	0.796932307497	-0.207809908852
0.000000000000	0.000000000000	0.000000000000	1.000000000000
11	13	37
0.793420050022	-0.094107685893	0.601355442046	-0.370925951689
0.318273605385	0.906291040455	-0.278097936178	0.219523017923
-0.518831896030	0.412044043091	0.749021475136	-0.424397386694
0.000000000000	0.000000000000	0.000000000000	1.000000000000
12	13	37
0.990525768384	-0.098193452021	0.096003896521	0.106133714807
0.096107405273	0.995027991575	0.026127813402	-0.001797259273
-0.098092144531	-0.016653587055	0.995037983807	-0.219788219801
0.000000000000	0.000000000000	0.000000000000	1.000000000000
14	15	37
0.440129298016	0.567714957346	-0.695690971792	-0.013479221221
-0.337451025418	0.822551732573	0.457750426199	-0.148954796295
0.832113577868	0.033292258055	0.553605111141	0.474443770944
0.000000000000	0.000000000000	0.000000000000	1.000000000000
15	16	37
0.998410709335	0.037642267309	-0.041941807259	0.287425061429
-0.044366768016	0.983905777045	-0.173092494909	-0.426812305396
0.034751192499	0.174678223055	0.984012130520	0.345343587944
0.000000000000	0.000000000000	0.000000000000	1.000000000000
16	17	37
0.685063205786	-0.441812468257	0.579215112865	-0.094228972640
0.410540911894	0.890957597733	0.194037931093	-0.163353313899
-0.601784482801	0.104863253499	0.791744361726	0.418860085855
0.000000000000	0.000000000000	0.000000000000	1.000000000000
17	18	37
0.985594424451	-0.133620453764	-0.103678372029	-0.340307006689
-0.074380609790	-0.893016154759	0.443835185882	-2.596509761563
-0.151891920055	-0.429729824047	-0.890090513906	4.546006215692
0.000000000000	0.000000000000	0.000000000000	1.000000000000
17	19	37
0.923718768574	0.219999552415	-0.313598203951	-0.067253474063
-0.307380394117	0.914218368347	-0.264049367145	-0.703478013382
0.228606495745	0.340301295786	0.912104214544	0.844135830634
0.000000000000	0.000000000000	0.000000000000	1.000000000000
18	19	37
0.988890137735	-0.004006347936	-0.148594228240	0.140148435225
0.016702217636	0.996301206445	0.084290817786	-0.128305998243
0.147706910523	-0.085836211550	0.985299352162	0.526523602113
0.000000000000	0.000000000000	0.000000000000	1.000000000000
19	20	37
0.768903949163	-0.498225314992	0.400697207954	0.097041943952
0.352460666582	0.853186110283	0.384506098434	-0.102337314993
-0.533439964264	-0.154418252550	0.831622996198	0.470855913250
0.000000000000	0.000000000000	0.000000000000	1.000000000000
20	21	37
0.326753885510	-0.570677779261	0.753364965048	-0.147994153168
0.738005328027	0.652023764347	0.173819292744	-0.225816578979
-0.590406668413	0.499191228874	0.634214540127	0.225419527252
0.000000000000	0.000000000000	0.000000000000	1.000000000000
21	22	37
0.941217486086	-0.053012378224	0.333615544664	-0.216540118556
0.183319724985	0.909687948608	-0.372641536316	-0.104390005716
-0.283731426385	0.411895039921	0.865932418708	0.030855677761
0.000000000000	0.000000000000	0.000000000000	1.000000000000
21	28	37
0.597560077007	-0.457500062567	0.658494986403	0.051793878810
0.561630480261	0.824948813436	0.063487470049	-0.509370135322
-0.572270179206	0.331893277972	0.749902456342	0.573350519949
0.000000000000	0.000000000000	0.000000000000	1.000000000000
22	23	37
0.987957245057	0.121316297931	-0.096035606920	-0.054379340396
-0.154060515267	0.828839000099	-0.537858038474	-0.121990946157
0.014347110373	0.546176041008	0.837547546503	0.251173245075
0.000000000000	0.000000000000	0.000000000000	1.000000000000
22	29	37
0.964347528061	0.176055235460	-0.197581373592	0.056567759398
-0.148200758979	0.977826167195	0.147961217170	-0.364841337521
0.219249584177	-0.113404324500	0.969055766725	0.956525192390
0.000000000000	0.000000000000	0.000000000000	1.000000000000
23	28	37
0.769729199548	-0.525727195541	0.362115831236	0.104471619573
0.025495026234	0.592114410013	0.805450513125	0.207223438159
-0.637861241181	-0.610746626125	0.469171179502	0.418791480463
0.000000000000	0.000000000000	0.000000000000	1.000000000000
23	29	37
0.977308317465	0.016602727087	-0.211170078530	0.165158635687
0.122296472703	0.769754240767	0.626515747277	0.196619316146
0.172950933439	-0.638124406581	0.750256766946	0.712270330070
0.000000000000	0.000000000000	0.000000000000	1.000000000000
23	30	37
0.854559365402	-0.107081437201	-0.508194703643	0.276645902456
0.184514648917	0.977274347275	0.104351303270	0.123781716067
0.485471559763	-0.182943750825	0.854897039821	0.662939490945
0.000000000000	0.000000000000	0.000000000000	1.000000000000
24	27	37
0.855171816174	0.176328559454	0.487431435119	-0.086395714191
0.208727505039	0.743607461514	-0.635201363208	0.029506384703
-0.474461793469	0.644946650741	0.599107523101	-0.172656086830
0.000000000000	0.000000000000	0.000000000000	1.000000000000
24	28	37
0.956480846159	-0.179897535911	0.229741740884	0.054460835011
0.127585310270	0.965925941967	0.225186729714	0.027870333976
-0.262424045268	-0.186075122488	0.946841945235	0.024374323903
0.000000000000	0.000000000000	0.000000000000	1.000000000000
25	27	37
0.921064966081	0.057554885429	-0.385132137611	0.122530159441
-0.324996233301	0.658439570290	-0.678848127799	-0.011452534057
0.214515212974	0.750429721853	0.625170741448	-0.216059851081
0.000000000000	0.000000000000	0.000000000000	1.000000000000
26	27	37
0.758929518786	-0.132935221864	-0.637459184814	0.146724570713
-0.076711302264	0.953871661941	-0.290248563564	-0.027331949874
0.646638509231	0.269178526881	0.713723727394	-0.029717460678
0.000000000000	0.000000000000	0.000000000000	1.000000000000
28	29	37
0.647056312410	0.429909715995	-0.629679096575	-0.135157100378
-0.541470517685	0.840538430560	0.017459244831	-0.221285334438
0.536775378578	0.329655551820	0.776659133794	0.152451286642
0.000000000000	0.000000000000	0.000000000000	1.000000000000
28	30	37
0.397436283944	0.054238440457	-0.916025431842	-0.048780867075
-0.623837222025	0.748052755703	-0.226371807213	-0.249582674528
0.672957294797	0.661419130553	0.331139265443	0.071116929852
0.000000000000	0.000000000000	0.000000000000	1.000000000000
29	30	37
0.948549332003	-0.031247793814	-0.315083703385	0.069206206194
-0.131049193195	0.867139164829	-0.480516157670	-0.019776721760
0.288236489223	0.497084745492	0.818429277384	-0.118780615869
0.000000000000	0.000000000000	0.000000000000	1.000000000000
30	31	37
0.949511482943	0.212102530339	-0.231171928192	-0.057171585299
0.082801600131	0.541297882159	0.836743985808	0.233490724309
0.302608391781	-0.813639428368	0.496406125898	0.541440541923
0.000000000000	0.000000000000	0.000000000000	1.000000000000
31	32	37
0.769579841185	0.366741521103	-0.522730833930	0.018800117209
-0.540009712705	0.810676954823	-0.226257342652	-0.390430246680
0.340787878637	0.456402817277	0.821924625592	0.104242938553
0.000000000000	0.000000000000	0.000000000000	1.000000000000
31	33	37
0.417769687716	0.294231441758	-0.859590801898	0.237054817846
-0.724655992837	0.678597831648	-0.119911112615	-0.518184261443
0.548034834724	0.673002854053	0.496714181763	0.175131246276
0.000000000000	0.000000000000	0.000000000000	1.000000000000
31	34	37
0.001754044628	-0.590230933518	0.807232536786	-2.378078834263
0.868931406427	0.400423963251	0.290893211641	-0.767231876011
-0.494929423506	0.700919463828	0.513572556680	0.937744600354
0.000000000000	0.000000000000	0.000000000000	1.000000000000
32	33	37
0.904737727617	0.098784699185	-0.414356401463	0.234704717306
-0.181624256500	0.969345395331	-0.165475478549	-0.036348174128
0.385308024413	0.224969081781	0.894945047791	-0.036957498460
0.000000000000	0.000000000000	0.000000000000	1.000000000000
32	34	37
-0.644392435463	-0.422017212530	0.637698879916	-1.350771761738
0.469537589838	0.439849340527	0.765550135110	-0.808246326521
-0.603566765858	0.792738311151	-0.085282642937	2.049285367765
0.000000000000	0.000000000000	0.000000000000	1.000000000000
32	35	37
-0.518459238409	-0.040756100426	0.854130527722	-1.465246698774
0.439534523103	0.844105206937	0.307076216308	-0.987454456998
-0.733491254964	0.534626355411	-0.419720429561	2.055474721319
0.000000000000	0.000000000000	0.000000000000	1.000000000000
32	36	37
-0.530658902845	-0.200462019989	0.823538771020	-1.393707927903
0.417634028253	0.783651369052	0.459861229316	-0.963402359443
-0.737551996321	0.587967269773	-0.332131814795	2.127193555826
0.000000000000	0.000000000000	0.000000000000	1.000000000000
33	34	37
0.919927727924	0.209182674976	-0.331625668316	0.094048976744
0.000746556209	0.844858018904	0.534990065839	0.094057100996
0.392087258209	-0.492399772932	0.777052151124	0.246307336493
0.000000000000	0.000000000000	0.000000000000	1.000000000000
33	35	37
0.838522873256	0.031572140889	-0.543950908581	0.195747205619
-0.064597006098	0.997039429791	-0.041708539227	-0.028759707271
0.541023675849	0.070111164311	0.838079833196	0.114853029629
0.000000000000	0.000000000000	0.000000000000	1.000000000000
33	36	37
0.838294377477	0.138341555641	-0.527374772503	0.136058955496
-0.075324791519	0.987384269995	0.139278423128	0.004847969391
0.539989548485	-0.077031924221	0.838139230783	0.112205828026
0.000000000000	0.000000000000	0.000000000000	1.000000000000
34	35	37
0.985105639234	0.067932158698	-0.157962341601	0.003359291729
-0.149044342771	0.795450976158	-0.587404058905	0.018348593247
0.085747673073	0.602198444323	0.793728146293	-0.185275964082
0.000000000000	0.000000000000	0.000000000000	1.000000000000
34	36	37
0.985494501246	0.116773304728	-0.123144562678	-0.074511358142
-0.157884896846	0.896959592051	-0.412959864365	0.009398007223
0.062233008621	0.426412342142	0.902385486977	-0.160522358912
0.000000000000	0.000000000000	0.000000000000	1.000000000000
35	36	37
0.999426121035	-0.029361458220	-0.016891813495	-0.011329821353
0.032178066867	0.978727050366	0.202627571901	-0.006576530028
0.010583033811	-0.203054834104	0.979110174466	0.036107663987
0.000000000000	0.000000000000	0.000000000000	1.000000000000
