0	1	37
0.958409309387	0.023676112294	0.284414291382	-0.119922608137
0.045438759029	0.971183001995	-0.233964115381	0.039692550898
-0.281757652760	0.237156808376	0.929714798927	-0.115432977676
0.000000000000	0.000000000000	0.000000000000	1.000000000000
0	12	37
0.995593547821	-0.033715482801	-0.087500959635	-0.932542324066
0.039726920426	0.996901214123	0.067894935608	-0.071811497211
0.084940731525	-0.071071624756	0.993848145008	0.617813587189
0.000000000000	0.000000000000	0.000000000000	1.000000000000
2	3	37
0.672054171562	-0.325733184814	0.665012359619	-0.174773395061
0.300558447838	0.940744340420	0.157049775124	-0.057014971972
-0.676762521267	0.094329155982	0.730133056641	0.016900777817
0.000000000000	0.000000000000	0.000000000000	1.000000000000
3	4	37
0.884961843491	0.096837639809	0.455484330654	-0.186570882797
0.133929908276	0.883879721165	-0.448128819466	0.051946699619
-0.445988476276	0.457579791546	0.769230425358	-0.239075899124
0.000000000000	0.000000000000	0.000000000000	1.000000000000
4	5	37
0.978759586811	-0.136270105839	0.153166234493	-0.074177235365
0.048908442259	0.880746304989	0.471055746078	0.098285257816
-0.199091240764	-0.453559070826	0.868703484535	-0.015035629272
0.000000000000	0.000000000000	0.000000000000	1.000000000000
5	6	37
0.788786292076	-0.359702736139	0.498427808285	0.050443291664
0.339770615101	0.930898785591	0.134102344513	-0.001806378365
-0.512222886086	0.063572585583	0.856496334076	0.052325129509
0.000000000000	0.000000000000	0.000000000000	1.000000000000
6	7	37
0.798841595650	-0.372174799442	0.472586750984	0.014891266823
0.382246643305	0.920683503151	0.078928843141	0.156690061092
-0.464478075504	0.117593139410	0.877742528915	-0.313941240311
0.000000000000	0.000000000000	0.000000000000	1.000000000000
7	8	37
0.811135828495	-0.124806702137	0.571386098862	-0.073388218880
0.282869756222	0.938815295696	-0.196496292949	0.134378135204
-0.511901795864	0.321013033390	0.796810388565	-0.233113050461
0.000000000000	0.000000000000	0.000000000000	1.000000000000
8	9	37
0.936607658863	0.193533405662	0.292079746723	-0.248721957207
0.012335427105	0.814879357815	-0.579499006271	0.070294618607
-0.350161671638	0.546366095543	0.760835111141	0.012078762054
0.000000000000	0.000000000000	0.000000000000	1.000000000000
8	10	37
0.675668358803	-0.372226178646	0.636333346367	-0.399742662907
0.332217663527	0.924293816090	0.187916353345	-0.167627960443
-0.658106207848	0.084432125092	0.748175859451	0.195387840271
0.000000000000	0.000000000000	0.000000000000	1.000000000000
8	15	37
0.912124693394	-0.296544522047	0.283001482487	0.155787587166
0.235889241099	0.944349765778	0.229260712862	-0.272386401892
-0.335238337517	-0.142357170582	0.931316375732	0.755277752876
0.000000000000	0.000000000000	0.000000000000	1.000000000000
8	16	37
0.935887277126	-0.202503368258	0.288283109665	0.619082450867
0.189248174429	0.979178667068	0.073441743851	-0.574084460735
-0.297152906656	-0.014176011086	0.954724311829	1.050986289978
0.000000000000	0.000000000000	0.000000000000	1.000000000000
10	14	37
0.780109524727	-0.287129878998	0.555865526199	-0.370397090912
0.322489351034	0.945888280869	0.036007948220	-0.210768148303
-0.536125957966	0.151170864701	0.830492377281	0.356270790100
0.000000000000	0.000000000000	0.000000000000	1.000000000000
10	15	37
0.914036452770	0.210105404258	-0.346977293491	-0.060429275036
-0.132178977132	0.962985515594	0.234920263290	-0.377747952938
0.383492082357	-0.168862581253	0.907975435257	0.744387388229
0.000000000000	0.000000000000	0.000000000000	1.000000000000
10	16	37
0.895590126514	0.208214342594	-0.393147915602	-0.048803865910
-0.191342234612	0.978081822395	0.082123100758	-0.716809868813
0.401630073786	0.001677155495	0.915800571442	1.205447793007
0.000000000000	0.000000000000	0.000000000000	1.000000000000
11	12	37
0.846404910088	0.005537688732	0.532511174679	-0.397921830416
0.207287579775	0.917659223080	-0.339018434286	0.183981418610
-0.490541219711	0.397329628468	0.775563180447	-0.155370712280
0.000000000000	0.000000000000	0.000000000000	1.000000000000
11	13	37
0.812289357185	-0.099975742400	0.574622273445	-0.307173311710
0.325359016657	0.895338594913	-0.304153800011	0.296583890915
-0.484073460102	0.434018999338	0.759802341461	-0.479997754097
0.000000000000	0.000000000000	0.000000000000	1.000000000000
12	13	37
0.988022863865	-0.105646848679	0.112472534180	0.072145976126
0.104701623321	0.994401335716	0.014293432236	0.032740205526
-0.113352775574	-0.002346158028	0.993552327156	-0.229132175446
0.000000000000	0.000000000000	0.000000000000	1.000000000000
14	15	37
0.467645674944	0.574090719223	-0.672106742859	-0.049969911575
-0.356396973133	0.818290710449	0.450978577137	-0.144036591053
0.808881282806	0.028638422489	0.587274372578	0.413612425327
0.000000000000	0.000000000000	0.000000000000	1.000000000000
15	16	37
0.997331082821	0.034136537462	-0.064539000392	0.323140203953
-0.044809073210	0.984089016914	-0.171930581331	-0.428326249123
0.057642906904	0.174364149570	0.982992231846	0.346438288689
0.000000000000	0.000000000000	0.000000000000	1.000000000000
16	17	37
0.709613144398	-0.442826092243	0.548048377037	0.014439463615
0.397547870874	0.893819630146	0.207466840744	-0.206221133471
-0.581727623940	0.070654287934	0.810309410095	0.341409921646
0.000000000000	0.000000000000	0.000000000000	1.000000000000
17	18	37
0.958368778229	0.187954515219	-0.214946940541	-0.012069880962
-0.263189762831	0.873412609100	-0.409733682871	-0.289419710636
0.110726080835	0.449247956276	0.886519014835	0.435161352158
0.000000000000	0.000000000000	0.000000000000	1.000000000000
17	19	37
0.920202732086	0.210517257452	-0.330013930798	-0.029754370451
-0.303664922714	0.915914118290	-0.262466311455	-0.708138227463
0.247010588646	0.341735810041	0.906753540039	0.834267497063
0.000000000000	0.000000000000	0.000000000000	1.000000000000
18	19	37
0.987668514252	-0.014593154192	-0.155878663063	0.154559284449
0.029327094555	0.995267212391	0.092644959688	-0.129889696836
0.153788715601	-0.096074223518	0.983422100544	0.542780637741
0.000000000000	0.000000000000	0.000000000000	1.000000000000
19	20	37
0.767529785633	-0.489839166403	0.413468271494	0.071041822433
0.341705411673	0.858390450478	0.382627099752	-0.100686550140
-0.542343020439	-0.152393698692	0.826220870018	0.480976462364
0.000000000000	0.000000000000	0.000000000000	1.000000000000
20	21	37
0.375336170197	-0.575056970119	0.726933121681	-0.108965635300
0.717616319656	0.676667094231	0.164767533541	-0.216621086001
-0.586642503738	0.459815680981	0.666647911072	0.176660656929
0.000000000000	0.000000000000	0.000000000000	1.000000000000
21	22	37
0.943270325661	-0.067377053201	0.325118005276	-0.200942158699
0.194501340389	0.905723094940	-0.376609474421	-0.105464756489
-0.269092112780	0.418480366468	0.867446660995	0.019238948822
0.000000000000	0.000000000000	0.000000000000	1.000000000000
21	28	37
0.582855105400	-0.456511557102	0.672218143940	0.030925869942
0.556856274605	0.826871275902	0.078709430993	-0.533324480057
-0.591769814491	0.328452527523	0.736157357693	0.572619438171
0.000000000000	0.000000000000	0.000000000000	1.000000000000
22	23	37
0.988290250301	0.126416146755	-0.085447639227	-0.079361326993
-0.152545273304	0.831459283829	-0.534232854843	-0.130475655198
0.003510385752	0.541011452675	0.841007530689	0.247572898865
0.000000000000	0.000000000000	0.000000000000	1.000000000000
22	29	37
0.956858098507	0.191251769662	-0.218735575676	0.084541082382
-0.159614518285	0.975045979023	0.154299378395	-0.370814561844
0.242787256837	-0.112729221582	0.963507413864	0.979720473289
0.000000000000	0.000000000000	0.000000000000	1.000000000000
23	28	37
0.787122964859	-0.512421250343	0.343309462070	0.143394976854
0.024818271399	0.582462847233	0.812477946281	0.202196240425
-0.616295993328	-0.630999863148	0.471187233925	0.441390872002
0.000000000000	0.000000000000	0.000000000000	1.000000000000
23	29	37
0.984564185143	0.003275476396	-0.174994185567	0.117155082524
0.109392628074	0.768962621689	0.629865348339	0.201459795237
0.136627048254	-0.639285862446	0.756734549999	0.707345247269
0.000000000000	0.000000000000	0.000000000000	1.000000000000
23	30	37
0.871350526810	-0.046863388270	-0.488417685032	0.192750394344
0.122123837471	0.984816074371	0.123379737139	0.083548545837
0.475219786167	-0.167154625058	0.863843083382	0.631232738495
0.000000000000	0.000000000000	0.000000000000	1.000000000000
24	27	37
0.866413772106	0.175235018134	0.467568457127	-0.056381151080
0.191257536411	0.748518586159	-0.634933412075	0.013278022408
-0.461246311665	0.639540731907	0.615011692047	-0.169105768204
0.000000000000	0.000000000000	0.000000000000	1.000000000000
24	28	37
0.954469025135	-0.187633037567	0.231912314892	0.051332324743
0.138226658106	0.967101693153	0.213559925556	0.042002931237
-0.264353543520	-0.171779602766	0.949004292488	0.023097038269
0.000000000000	0.000000000000	0.000000000000	1.000000000000
25	27	37
0.930092573166	0.007466882467	-0.367250055075	0.148149475455
-0.278507173061	0.666219711304	-0.691798746586	-0.003003038466
0.239504113793	0.745718955994	0.621725320816	-0.206027686596
0.000000000000	0.000000000000	0.000000000000	1.000000000000
26	27	37
0.763587594032	-0.098030053079	-0.638219356537	0.123228371143
-0.120363608003	0.949474692345	-0.289845854044	-0.031553179026
0.634386658669	0.298141062260	0.713207781315	-0.041669368744
0.000000000000	0.000000000000	0.000000000000	1.000000000000
28	29	37
0.650828480721	0.426308184862	-0.628238499165	-0.135684609413
-0.539878726006	0.841659724712	0.011839300394	-0.208277076483
0.533810019493	0.331467360258	0.777930617332	0.145576834679
0.000000000000	0.000000000000	0.000000000000	1.000000000000
28	30	37
0.377569913864	0.068210035563	-0.923465311527	-0.047253608704
-0.623591363430	0.755964994431	-0.199125170708	-0.291838586330
0.684525251389	0.651048719883	0.327964901924	0.092412948608
0.000000000000	0.000000000000	0.000000000000	1.000000000000
29	30	37
0.948374330997	-0.017832731828	-0.316651493311	0.073514759541
-0.145553484559	0.862590014935	-0.484512925148	-0.031675517559
0.281780630350	0.505589306355	0.815462768078	-0.125734269619
0.000000000000	0.000000000000	0.000000000000	1.000000000000
30	31	37
0.952993512154	0.217858135700	-0.210573107004	-0.089882880449
0.064660459757	0.532739341259	0.843805432320	0.224971175194
0.296010196209	-0.817757070065	0.493610322475	0.544333279133
0.000000000000	0.000000000000	0.000000000000	1.000000000000
31	32	37
0.764449477196	0.358323514462	-0.535930752754	0.038473844528
-0.543930709362	0.804723739624	-0.237822324038	-0.370096117258
0.346058696508	0.473311901093	0.810073614120	0.118841290474
0.000000000000	0.000000000000	0.000000000000	1.000000000000
31	33	37
0.414689391851	0.306764721870	-0.856696069241	0.231616258621
-0.730768740177	0.673265695572	-0.112651184201	-0.532286763191
0.542226612568	0.672761857510	0.503370225430	0.164675951004
0.000000000000	0.000000000000	0.000000000000	1.000000000000
31	34	37
-0.004495501518	-0.603511750698	0.797340869904	-2.374499320984
0.868140518665	0.393371224403	0.302639305592	-0.784717082977
-0.496297538280	0.693564653397	0.522165060043	0.926846683025
0.000000000000	0.000000000000	0.000000000000	1.000000000000
32	33	37
0.915079057217	0.096962302923	-0.391444444656	0.200332388282
-0.177998602390	0.968108594418	-0.176302731037	-0.004448771477
0.361866116524	0.231007337570	0.903155148029	-0.036137104034
0.000000000000	0.000000000000	0.000000000000	1.000000000000
32	34	37
-0.661484658718	-0.404743492603	0.631364107132	-1.339036941528
0.468877911568	0.433847516775	0.769369959831	-0.816409468651
-0.585313022137	0.804959237576	-0.097208023071	2.070435523987
0.000000000000	0.000000000000	0.000000000000	1.000000000000
32	35	37
0.530240714550	0.147113338113	-0.834986507893	0.357494950294
-0.349740624428	0.935089826584	-0.057345211506	-0.162036806345
0.772351264954	0.322435438633	0.547274291515	0.103799581528
0.000000000000	0.000000000000	0.000000000000	1.000000000000
32	36	37
-0.511278450489	-0.211456134915	0.832995295525	-1.407602906227
0.372350662947	0.819058597088	0.436461031437	-0.936911344528
-0.774564325809	0.533319354057	-0.340031415224	2.178671360016
0.000000000000	0.000000000000	0.000000000000	1.000000000000
33	34	37
0.913409769535	0.234090924263	-0.332993388176	0.082320123911
-0.016002029181	0.838100135326	0.545282185078	0.078709483147
0.406726866961	-0.492737352848	0.769274592400	0.255581855774
0.000000000000	0.000000000000	0.000000000000	1.000000000000
33	35	37
0.826840519905	0.030893679708	-0.561587035656	0.225657939911
-0.075065806508	0.995618522167	-0.055751167238	-0.011535167694
0.557404100895	0.088253326714	0.825536847115	0.123150110245
0.000000000000	0.000000000000	0.000000000000	1.000000000000
33	36	37
0.827098846436	0.137482166290	-0.544982731342	0.170596837997
-0.070120789111	0.987287223339	0.142642408609	-0.000269293785
0.557665228844	-0.079764783382	0.826224446297	0.131774544716
0.000000000000	0.000000000000	0.000000000000	1.000000000000
34	35	37
0.985171258450	0.057382706553	-0.161694481969	0.009365260601
-0.141236901283	0.806312918663	-0.574379980564	-0.008531153202
0.097417101264	0.588699340820	0.802460908890	-0.201943159103
0.000000000000	0.000000000000	0.000000000000	1.000000000000
34	36	37
0.983738958836	0.122153066099	-0.131666779518	-0.065186485648
-0.166037917137	0.898031115532	-0.407395958900	0.006212264299
0.068476110697	0.422632902861	0.903710484505	-0.163021683693
0.000000000000	0.000000000000	0.000000000000	1.000000000000
35	36	37
0.998910307884	0.040121898055	0.023839682341	-0.097103878856
-0.044268876314	0.976309239864	0.211802542210	0.006489872932
-0.014777213335	-0.212627127767	0.977021515369	0.054054379463
0.000000000000	0.000000000000	0.000000000000	1.000000000000
