0	1	57
0.806631335671	-0.336713489328	0.485767345977	-0.278727381288
0.252434847134	0.939395916397	0.231974050725	0.061201724185
-0.534436653183	-0.064492932653	0.842744400974	-0.000261800268
0.000000000000	0.000000000000	0.000000000000	1.000000000000
0	14	57
0.950450268946	0.066787475238	-0.303617719198	0.724338640299
-0.048725603295	0.996583346330	0.066689200034	-0.070358834086
0.307034365899	-0.048590811569	0.950457169570	0.133311042675
0.000000000000	0.000000000000	0.000000000000	1.000000000000
0	24	57
0.495877990210	-0.349971639724	0.794748306204	-1.331013296605
0.297733798043	0.928241056104	0.222986832044	-0.303234625254
-0.815757074335	0.126049169577	0.564492694834	1.106917917007
0.000000000000	0.000000000000	0.000000000000	1.000000000000
0	25	57
0.612529682578	-0.377230746031	0.694625332255	-1.241084602603
0.325609616463	0.921169141630	0.213133268579	-0.058869584817
-0.720267842978	0.095626234671	0.687073400456	0.371113649551
0.000000000000	0.000000000000	0.000000000000	1.000000000000
0	26	57
0.850918877649	-0.366938845131	0.375889541747	-1.723110083287
0.291078044040	0.925038574546	0.244084427771	-0.096784720365
-0.437276383925	-0.098282854744	0.893940626957	-0.132222939983
0.000000000000	0.000000000000	0.000000000000	1.000000000000
1	2	57
0.696954663939	-0.081453729845	0.712474200451	-0.448159898740
0.465609546573	0.807025772901	-0.363204008806	-0.043609697542
-0.545400721080	0.584871517316	0.600386010562	-0.136540297500
0.000000000000	0.000000000000	0.000000000000	1.000000000000
1	14	57
0.607344621100	0.317646869320	-0.728170981043	0.670922257007
-0.383987992480	0.919781868295	0.080960091320	-0.437776501850
0.695475184930	0.230438237205	0.680597153962	0.559988449078
0.000000000000	0.000000000000	0.000000000000	1.000000000000
1	15	57
0.892347567116	-0.283751556472	0.350999820031	0.068274049286
0.289397032018	0.956474761050	0.037488522705	-0.332738871967
-0.346359895660	0.068125514125	0.935624784304	0.485568801908
0.000000000000	0.000000000000	0.000000000000	1.000000000000
1	16	57
0.536833662086	-0.299396658444	0.788778333985	-0.559628592567
0.422253446420	0.904744348632	0.056032942149	-0.118837576038
-0.730418815638	0.302984000455	0.612118492802	0.067820230975
0.000000000000	0.000000000000	0.000000000000	1.000000000000
1	23	57
0.248893884351	-0.394202323353	0.884678677597	-1.745888728251
0.584625143148	0.789394881631	0.187267623613	-0.215689795260
-0.772182152301	0.470595632276	0.426936148096	0.657889817036
0.000000000000	0.000000000000	0.000000000000	1.000000000000
1	24	57
0.879607504919	-0.191089010701	0.435632445164	-1.625084184384
0.257502819588	0.961266532319	-0.098279966154	-0.102655342345
-0.399978668424	0.198624378746	0.894743215103	0.413076128054
0.000000000000	0.000000000000	0.000000000000	1.000000000000
1	25	57
0.945399012040	-0.141916878046	0.293394457616	-1.127490552963
0.167692325839	0.983726020342	-0.064516670385	0.149233768007
-0.279463757738	0.110193995428	0.953811979104	-0.133482769887
0.000000000000	0.000000000000	0.000000000000	1.000000000000
2	15	57
0.946170688647	0.197590638098	-0.256357109677	-0.094868456107
-0.023098278313	0.831238340212	0.555436127111	0.074551125484
0.322842837128	-0.519615975021	0.791057356339	0.875832117105
0.000000000000	0.000000000000	0.000000000000	1.000000000000
2	16	57
0.961509612475	0.018499802930	0.274147811242	-0.317506015719
-0.116759439121	0.930679368663	0.346703253693	0.058837188699
-0.248729770019	-0.365367855779	0.897017185716	0.093157150918
0.000000000000	0.000000000000	0.000000000000	1.000000000000
2	23	57
0.823740117029	-0.195737273766	0.532108202582	-1.629488681806
0.004562523862	0.940774245544	0.339002953227	0.395379702148
-0.566949206696	-0.276822575993	0.775846543105	-0.289673536807
0.000000000000	0.000000000000	0.000000000000	1.000000000000
3	4	57
0.959832953816	0.029296236801	0.279038404664	0.020137852262
0.173523569247	0.719534490829	-0.672428202430	0.360056067409
-0.220477372272	0.693838487702	0.685549328130	-0.497365743828
0.000000000000	0.000000000000	0.000000000000	1.000000000000
3	12	57
0.757346825166	-0.148345989887	0.635939661993	-1.576246700261
0.313938558236	0.936642511825	-0.155381423263	-0.255056737388
-0.572597911334	0.317323608209	0.755934758831	0.637677587039
0.000000000000	0.000000000000	0.000000000000	1.000000000000
3	16	57
0.797006966284	0.332453901738	-0.504236352233	-0.012047674925
-0.410287516787	0.910688280093	-0.048072966114	-0.068778537620
0.443220091223	0.245196369715	0.862226589137	0.051810736837
0.000000000000	0.000000000000	0.000000000000	1.000000000000
3	17	57
0.963478169130	-0.067452646774	0.259152383844	-0.262107824450
0.094624334726	0.991080879084	-0.093834569279	0.319556252505
-0.250511582340	0.114929680924	0.961267452667	-0.595932586476
0.000000000000	0.000000000000	0.000000000000	1.000000000000
4	17	57
0.997884086598	0.064485355355	0.008305941178	-0.243129834368
-0.058387958916	0.832582484841	0.550815079850	0.033724048709
0.028604125014	-0.550134569793	0.834585980682	-0.189737972731
0.000000000000	0.000000000000	0.000000000000	1.000000000000
5	6	57
0.865862272383	-0.038264543252	0.498816950388	-0.032507638643
0.298551175185	0.839586851938	-0.453829388481	-0.086214179914
-0.401434578805	0.541876132324	0.738390503837	-0.130716147393
0.000000000000	0.000000000000	0.000000000000	1.000000000000
5	11	57
0.666670286117	-0.208873320261	0.715487711769	-1.641290291211
0.428425701899	0.892894581942	-0.138530442468	0.209251034072
-0.609919787809	0.398887454831	0.684752985257	-0.410202227471
0.000000000000	0.000000000000	0.000000000000	1.000000000000
5	13	57
0.553465321424	-0.324800742218	0.766929342140	-1.755198565271
0.495614757934	0.868483244305	0.010142291635	0.288309905433
-0.669359507065	0.374488093558	0.641651399192	-0.009019168242
0.000000000000	0.000000000000	0.000000000000	1.000000000000
5	17	57
0.584086047427	0.477623861220	-0.656291807350	0.155465394172
-0.478124335139	0.855838606550	0.197325618424	-0.007468484521
0.655927289682	0.198533943525	0.728246980027	-0.061429242496
0.000000000000	0.000000000000	0.000000000000	1.000000000000
5	18	57
0.883422957516	-0.220743007880	0.413323605189	0.081997168724
0.252887066100	0.967199039929	-0.023961405626	0.160559671532
-0.394476881368	0.125692249690	0.910268887985	-0.253450077483
0.000000000000	0.000000000000	0.000000000000	1.000000000000
5	22	57
0.982632279423	-0.079484609159	0.167678264371	0.328773075912
0.083554724784	0.996352171602	-0.017348144305	0.378764900825
-0.165687692367	0.031057157814	0.985689120132	-0.655138639643
0.000000000000	0.000000000000	0.000000000000	1.000000000000
5	32	57
-0.274658381369	0.790015529976	-0.548122464363	1.731185088515
-0.368236583749	0.440165838000	0.818935805449	-0.788553744493
0.888236788212	0.426766326523	0.170017383268	0.932703982263
0.000000000000	0.000000000000	0.000000000000	1.000000000000
6	18	57
0.999788266048	-0.016869214539	-0.011783576425	0.173875402029
0.020465285355	0.874822119832	0.484011808479	0.080218807809
0.002143634271	-0.484150481000	0.874982123577	-0.128180881290
0.000000000000	0.000000000000	0.000000000000	1.000000000000
7	8	57
-0.972637847842	0.203765287839	0.111603424754	0.408072791672
0.066092795219	0.703206906789	-0.707906624255	1.617887632322
-0.222727096162	-0.681160593190	-0.697433069849	4.368153991490
0.000000000000	0.000000000000	0.000000000000	1.000000000000
7	19	57
0.815207194009	0.091583684205	-0.571882557544	1.465445424062
-0.324002570507	0.890566130208	-0.319240194886	-0.640563324535
0.480062043011	0.445538322160	0.755669265186	0.356835153207
0.000000000000	0.000000000000	0.000000000000	1.000000000000
8	9	57
0.960493870483	-0.176013431425	0.215570862415	0.374597284199
0.097694433297	0.938546876694	0.331037094523	-0.046796413141
-0.260590334561	-0.296899026953	0.918664054662	0.204245429374
0.000000000000	0.000000000000	0.000000000000	1.000000000000
9	10	57
0.808721036061	0.262147341457	-0.526544449405	1.204381880611
-0.303385725729	0.952830726301	0.008408831060	-0.203690262235
0.503912082864	0.152945671344	0.850106013601	-0.000670157372
0.000000000000	0.000000000000	0.000000000000	1.000000000000
9	25	57
0.296581576330	-0.381727593156	0.875399002287	-0.737565411843
0.455665531743	0.862135334533	0.221566216133	-0.216835229355
-0.839290350095	0.333176694222	0.429633563242	0.605848721806
0.000000000000	0.000000000000	0.000000000000	1.000000000000
9	26	57
0.602895512218	-0.317081662142	0.732103968628	-1.546061273454
0.375027134947	0.922562880528	0.090732461256	0.002743924366
-0.704181545768	0.219856660134	0.675123247707	0.498995238678
0.000000000000	0.000000000000	0.000000000000	1.000000000000
10	26	57
0.008060242432	-0.400203296664	0.916390939409	-2.029626379897
0.409096263042	0.837540122893	0.362169559888	-0.418057651102
-0.912455631829	0.371972934344	0.170472449560	1.899719450257
0.000000000000	0.000000000000	0.000000000000	1.000000000000
10	29	57
-0.837942541361	0.232091253040	-0.493949337119	-0.219476907876
0.147946010178	-0.774580379561	-0.614928624859	1.855893611279
-0.525323020103	-0.588352688327	0.614716876853	0.722994507089
0.000000000000	0.000000000000	0.000000000000	1.000000000000
11	13	57
0.988052290567	-0.094999311715	0.121358155388	-0.291664425261
0.066740807994	0.973510098668	0.218686424681	-0.000556863367
-0.138918449652	-0.207974081475	0.968219213702	0.223606070695
0.000000000000	0.000000000000	0.000000000000	1.000000000000
12	16	57
0.174500569788	0.374785408374	-0.910541294403	1.657598333656
-0.346784390871	0.888873368587	0.299407282585	-0.253882758454
0.921569388268	0.263514766733	0.285078638838	0.597879643215
0.000000000000	0.000000000000	0.000000000000	1.000000000000
12	17	57
0.883877861394	0.205650035160	-0.420080931698	1.988114974426
-0.155446582229	0.976257602938	0.150855734992	0.015368659412
0.441130690624	-0.068037899331	0.894860077355	-0.111591853120
0.000000000000	0.000000000000	0.000000000000	1.000000000000
13	18	57
0.985085353806	0.052880771663	-0.163739029266	0.454481094153
-0.030526749037	0.990218638597	0.136143914184	-0.179510758744
0.169336833884	-0.129114955618	0.977064155993	0.204138929775
0.000000000000	0.000000000000	0.000000000000	1.000000000000
13	22	57
0.660245236643	0.502775464409	-0.557936429962	1.536985337505
-0.343771476429	0.862794404889	0.370684484280	-1.020494174586
0.667755493788	-0.052940034762	0.742495759742	1.282025526186
0.000000000000	0.000000000000	0.000000000000	1.000000000000
13	27	57
-0.953762769704	-0.158196364771	0.255559169860	0.013062509621
-0.160681615491	-0.450195287316	-0.878353927367	2.194773027753
0.254003932193	-0.878804934813	0.403960256682	2.234697696347
0.000000000000	0.000000000000	0.000000000000	1.000000000000
13	29	57
-0.194667857895	-0.975793327364	-0.099658453601	1.359992358083
0.531780026480	-0.019619038230	-0.846655240801	1.913115017849
0.824205331540	-0.217812937197	0.522726597611	1.354527127845
0.000000000000	0.000000000000	0.000000000000	1.000000000000
13	32	57
-0.389605582801	-0.480171511914	0.785902544211	-1.562126543679
0.628637951842	0.484978722662	0.607955560933	-1.180411231405
-0.673068952898	0.730911046374	0.112903617894	2.702399434781
0.000000000000	0.000000000000	0.000000000000	1.000000000000
14	15	57
0.161542376095	-0.560594456329	0.812180962753	-0.403894090351
0.489665032010	0.760067586564	0.427229938419	-0.239020572629
-0.856815159269	0.328680877733	0.397286626329	0.395358529787
0.000000000000	0.000000000000	0.000000000000	1.000000000000
14	23	57
-0.618878431417	-0.175511487750	0.765627327618	-1.478633381159
0.490226071897	0.675282288912	0.551064632066	-0.565269964664
-0.613732747668	0.716372492457	-0.331877336513	1.823010710747
0.000000000000	0.000000000000	0.000000000000	1.000000000000
14	24	57
0.202461763893	-0.345750682268	0.916223608009	-1.664938835115
0.381947835219	0.889383790304	0.251221664505	-0.421234325808
-0.901734487160	0.299086842332	0.312124935580	1.517089983176
0.000000000000	0.000000000000	0.000000000000	1.000000000000
14	25	57
0.321068203818	-0.391634693217	0.862286191218	-1.842133325475
0.404258833143	0.880048343643	0.249178066206	-0.198297891475
-0.856440309842	0.268583655350	0.440877325064	0.863117497148
0.000000000000	0.000000000000	0.000000000000	1.000000000000
14	26	57
0.582210511132	-0.405334662367	0.704794106255	-2.637057692813
0.353299558080	0.906872014346	0.229701048882	-0.212842101926
-0.732263847932	0.115269081200	0.671194976092	0.717876348030
0.000000000000	0.000000000000	0.000000000000	1.000000000000
15	16	57
0.831256187929	-0.123895277736	0.541906920222	-0.464920065306
0.230274505465	0.964017976361	-0.132826930199	0.388209751352
-0.505951383201	0.235200555714	0.829875831935	-0.558303003725
0.000000000000	0.000000000000	0.000000000000	1.000000000000
15	23	57
0.663283549437	-0.263631983238	0.700394967472	-1.652908459861
0.436258724322	0.896636033321	-0.075644888805	0.748037070391
-0.608056953335	0.355727425375	0.709735683432	-0.445427120812
0.000000000000	0.000000000000	0.000000000000	1.000000000000
16	17	57
0.673407800612	-0.371406431379	0.639202000001	-0.499489187862
0.359700963079	0.919999824359	0.155613432387	0.311084019200
-0.645861557328	0.125130275753	0.753130309346	-0.518012722118
0.000000000000	0.000000000000	0.000000000000	1.000000000000
16	23	57
0.943318037710	-0.201251322216	0.263910941488	-1.147456880976
0.189658230962	0.979424634660	0.068972026572	0.396076056467
-0.272361588993	-0.015009674469	0.962077894203	-0.636196566263
0.000000000000	0.000000000000	0.000000000000	1.000000000000
18	22	57
0.953694365470	0.161317496917	-0.253857681503	0.468160400840
-0.146611123096	0.986274018317	0.075952217729	0.092239371818
0.262625657266	-0.035216842301	0.964254913477	-0.243855292827
0.000000000000	0.000000000000	0.000000000000	1.000000000000
19	21	57
0.888245190641	-0.125628962556	0.441857267758	0.262932041706
0.078718162444	0.989276307047	0.123027798557	-0.024495116745
-0.452574780787	-0.074496658203	0.888609203031	0.051676316365
0.000000000000	0.000000000000	0.000000000000	1.000000000000
19	31	57
0.087092078105	0.060889900263	0.994337663964	-1.512419350364
0.223702262346	0.971443975250	-0.079081608309	-0.192981385389
-0.970758604264	0.229322966572	0.070983866125	2.129517118082
0.000000000000	0.000000000000	0.000000000000	1.000000000000
20	21	57
0.978327369746	0.069041749168	-0.195214739398	0.022927341582
-0.130290681562	0.938001011834	-0.321214009808	-0.031367004083
0.160934445986	0.339687118788	0.926667559281	-0.189059399322
0.000000000000	0.000000000000	0.000000000000	1.000000000000
20	30	57
0.635363352239	-0.256122396695	0.728501701125	-2.373027594773
0.447936988052	0.890697906871	-0.077522212500	0.680944744331
-0.629019765482	0.375577630600	0.680643502890	0.675976458772
0.000000000000	0.000000000000	0.000000000000	1.000000000000
20	31	57
0.768305726545	0.167658702534	0.617735275035	-2.608866974768
0.445256705006	0.553334024115	-0.703965854572	0.629995934784
-0.459839947379	0.815911770488	0.350478537964	0.483511426833
0.000000000000	0.000000000000	0.000000000000	1.000000000000
21	30	57
0.329729458715	-0.586126233295	0.740090888134	-2.368747125517
0.335201379997	0.805538727755	0.488617839354	0.094597429130
-0.882563606152	0.086967791337	0.462080170930	1.166991925515
0.000000000000	0.000000000000	0.000000000000	1.000000000000
21	31	57
0.535238393124	0.068469378002	0.841921496817	-2.593555735151
0.333451982999	0.898635473182	-0.285068520487	0.089910983809
-0.776098986960	0.433320009478	0.458152956801	1.061506309245
0.000000000000	0.000000000000	0.000000000000	1.000000000000
24	25	57
0.990176483704	0.014822688326	-0.139035315765	0.679696977587
-0.010140140474	0.999359212941	0.034326972781	0.110196863879
0.139455041753	-0.032579923572	0.989692295570	-0.310911043249
0.000000000000	0.000000000000	0.000000000000	1.000000000000
24	26	57
0.882042660310	0.173446870160	-0.438083243945	0.791963725268
-0.105777188602	0.978939386929	0.174610604174	0.270480886889
0.459142605042	-0.107674787906	0.881813023427	-1.052721628799
0.000000000000	0.000000000000	0.000000000000	1.000000000000
25	26	57
0.927434957236	0.168163747084	-0.334043940616	0.059412344122
-0.155679579871	0.985731599735	0.064008450180	0.369318071305
0.340041568793	-0.007359853922	0.940381605543	-0.697776536364
0.000000000000	0.000000000000	0.000000000000	1.000000000000
25	29	57
0.978944293474	-0.036455803734	0.200845823079	0.099848660825
0.074516273155	0.979843656002	-0.185347605402	1.009136291210
-0.190040509653	0.196411262832	0.961928906169	-1.467142219077
0.000000000000	0.000000000000	0.000000000000	1.000000000000
26	29	57
0.833401402375	-0.215239071697	0.509032655666	-0.266293162363
0.274290836621	0.960691281183	-0.042857895474	0.366348226444
-0.479798540499	0.175340823182	0.859679566036	-0.746315588875
0.000000000000	0.000000000000	0.000000000000	1.000000000000
27	28	57
0.949720594880	0.010812686051	0.312911932467	-0.026433841155
0.122498183358	0.906905705318	-0.403133026104	0.110751268725
-0.288140567665	0.421194880645	0.859982491557	-0.285290821078
0.000000000000	0.000000000000	0.000000000000	1.000000000000
27	29	57
0.940551959775	0.147533317838	-0.305934520920	0.248949204488
-0.200776676809	0.968016047770	-0.150444864684	0.133106561256
0.273953895779	0.202925728749	0.940090640098	-0.244805195089
0.000000000000	0.000000000000	0.000000000000	1.000000000000
27	32	57
0.991605783333	0.000974194484	-0.129294320856	0.049965903062
0.019233961381	0.987734336594	0.154954622531	0.392816923594
0.127859396174	-0.156140741830	0.979424342944	-0.555347692199
0.000000000000	0.000000000000	0.000000000000	1.000000000000
28	29	57
0.277696116927	0.001922163002	-0.960667045304	1.951260268672
-0.229065988303	0.971286730870	-0.064271762372	1.282841217105
0.932959613084	0.237904165002	0.270162855753	1.590053134116
0.000000000000	0.000000000000	0.000000000000	1.000000000000
28	32	57
0.925148936769	0.156208096951	-0.345974674280	0.076668458416
0.060555167866	0.839007424679	0.540739875521	0.186410718427
0.374743267372	-0.521215475385	0.766747619350	-0.323429790677
0.000000000000	0.000000000000	0.000000000000	1.000000000000
29	32	57
0.963127149017	-0.217423913231	0.158470618037	-0.408593597951
0.156683901914	0.932093199556	0.326576824381	0.188635966823
-0.218714996529	-0.289705211028	0.931791093001	-0.273329803579
0.000000000000	0.000000000000	0.000000000000	1.000000000000
30	31	57
0.975296038573	0.010738136424	-0.220640725094	-0.035840479539
-0.159725804822	0.724246309943	-0.670786813979	0.085468304145
0.152595230653	0.689457739793	0.708069714521	-0.233902098999
0.000000000000	0.000000000000	0.000000000000	1.000000000000
33	35	57
0.946605179350	-0.183429608189	0.265126787154	-0.105405033111
0.243334009111	0.945967295071	-0.214323206084	-0.059453626033
-0.211488047977	0.267393820975	0.940092202961	-0.014597995907
0.000000000000	0.000000000000	0.000000000000	1.000000000000
36	37	57
0.933031420705	-0.153857079960	0.325238938205	-0.269080115990
0.203856043117	0.970922177006	-0.125510317834	0.131621731463
-0.296471046922	0.183406993171	0.937265593732	-0.199908664819
0.000000000000	0.000000000000	0.000000000000	1.000000000000
38	39	57
0.747918526971	0.451294926228	-0.486775889475	0.568982898995
-0.391098599750	0.892122747449	0.226183307866	-0.326558121070
0.536339223147	0.021210682321	0.843735944872	0.357982752543
0.000000000000	0.000000000000	0.000000000000	1.000000000000
38	40	57
0.695284562675	-0.070651288190	-0.715253641992	0.806998716548
-0.412546537934	0.775666348336	-0.477647432839	-0.122097391445
0.588544587049	0.627176300203	0.510161893441	0.130048687109
0.000000000000	0.000000000000	0.000000000000	1.000000000000
38	41	57
0.958119372534	-0.282421495528	0.047385301917	0.221719187088
0.266753243661	0.940373977454	0.211043809488	-0.385759420662
-0.104163213134	-0.189564979336	0.976327375238	0.563528756553
0.000000000000	0.000000000000	0.000000000000	1.000000000000
38	56	57
0.317858843205	0.176767644133	-0.931514334717	2.107637524709
-0.596682000707	0.800814582431	-0.051639080140	0.178791919937
0.736842144444	0.572231775204	0.360020068355	-0.485813146701
0.000000000000	0.000000000000	0.000000000000	1.000000000000
39	40	57
0.993151895949	-0.048906594137	-0.106101162215	0.054272621927
-0.042102259512	0.697321750767	-0.715520632583	0.194000802837
0.108980325368	0.715087771506	0.690487340742	-0.276425350106
0.000000000000	0.000000000000	0.000000000000	1.000000000000
39	41	57
0.576387601191	-0.680097433997	0.453039527486	-0.090861786186
0.662095476826	0.713607720226	0.228896485775	-0.201932143303
-0.478964417008	0.168022325615	0.861604076903	0.320558760299
0.000000000000	0.000000000000	0.000000000000	1.000000000000
39	56	57
0.856369251511	0.095185833805	-0.507514888559	0.612174177281
-0.349267662809	0.830691455478	-0.433547927584	1.016618015609
0.380320660472	0.548535653207	0.744623953670	-1.386448126473
0.000000000000	0.000000000000	0.000000000000	1.000000000000
40	56	57
0.861124443015	0.110103164893	-0.496328506861	0.665792817065
0.030150208255	0.963488695897	0.266046044550	-0.360578019016
0.507499417324	-0.244063159774	0.826364033254	-1.351470170823
0.000000000000	0.000000000000	0.000000000000	1.000000000000
41	56	57
0.190053592146	0.290229123830	-0.937894817020	1.932064124749
-0.723555656420	0.687103291968	0.066002107768	0.272603937239
0.663586350202	0.666075162311	0.340583373019	-0.963611904161
0.000000000000	0.000000000000	0.000000000000	1.000000000000
42	43	57
0.760000953210	-0.459802304729	0.459326018952	-0.085511350429
0.520195662341	0.854027399436	-0.005802921155	-0.284022260493
-0.389608808937	0.243349628268	0.888248802093	0.243586698510
0.000000000000	0.000000000000	0.000000000000	1.000000000000
43	44	57
0.934745128907	0.117684102720	-0.335264068983	-0.080288893921
-0.336027168179	0.599463928146	-0.726449407114	-0.302094853510
0.115487169111	0.791702880390	0.599891042567	0.023476740246
0.000000000000	0.000000000000	0.000000000000	1.000000000000
44	48	57
0.991488447167	-0.040697981722	0.123670260847	0.253215147901
0.039632584249	0.999153066578	0.011063806432	-0.007641444933
-0.124015794962	-0.006068264227	0.992261688653	0.414844656776
0.000000000000	0.000000000000	0.000000000000	1.000000000000
45	47	57
0.672673247464	-0.383491607237	0.632807150185	-0.068568697666
0.475937451614	0.879070390794	0.026810262602	-0.022786699107
-0.566563539506	0.283142076012	0.773845152788	0.073421709641
0.000000000000	0.000000000000	0.000000000000	1.000000000000
46	47	57
-0.059782956544	-0.997729896215	0.031000843627	-0.258654299822
0.896526018671	-0.067323386176	-0.437845474476	0.334962048631
0.438938601575	0.001617365939	0.898515602633	0.147552265433
0.000000000000	0.000000000000	0.000000000000	1.000000000000
46	56	57
0.618017925488	0.027318187220	0.785689226362	-1.115484454763
0.459607032613	0.798262540220	-0.389279196020	0.386178581903
-0.637820679618	0.601689815044	0.480784928137	-0.397279072479
0.000000000000	0.000000000000	0.000000000000	1.000000000000
49	50	57
-0.412903141362	-0.242732823393	0.877833567541	-2.201347270433
0.686063930742	0.551024287216	0.475066856171	-0.973973437798
-0.599021935147	0.798406545155	-0.060989424221	1.854628013406
0.000000000000	0.000000000000	0.000000000000	1.000000000000
49	51	57
0.710698271493	0.234527060734	-0.663253363867	0.257672845478
-0.493873711240	0.837741567510	-0.232976014671	-0.227016935001
0.500995732760	0.493139051232	0.711208233858	0.160961751542
0.000000000000	0.000000000000	0.000000000000	1.000000000000
49	52	57
0.955179205531	0.250239958290	-0.158153876321	0.102155922024
-0.294034106230	0.863903796568	-0.408918298257	-0.178100350596
0.034302036296	0.437092888927	0.898762024540	-0.014163033011
0.000000000000	0.000000000000	0.000000000000	1.000000000000
49	53	57
0.478425700906	0.700318064314	-0.529776799706	-0.014470236712
-0.504351246042	0.713012913588	0.487075359336	-0.299601172150
0.718845372336	0.034164218871	0.694329991301	0.391428848520
0.000000000000	0.000000000000	0.000000000000	1.000000000000
49	55	57
-0.026969549828	0.949672994518	-0.312079872572	-0.245462393061
-0.784718470795	0.173287883282	0.595137153185	-0.170535679753
0.619265342947	0.260945421478	0.740552443811	0.127250178484
0.000000000000	0.000000000000	0.000000000000	1.000000000000
50	51	57
0.939592096733	-0.064140784805	0.336233031515	-0.107451928030
0.185480005631	0.920979074431	-0.342629117227	0.017529912551
-0.287687085682	0.384296115236	0.877241492718	-0.091251817749
0.000000000000	0.000000000000	0.000000000000	1.000000000000
50	52	57
-0.580671796068	0.233925416083	-0.779807133182	0.780962507367
-0.344548035308	0.797218442442	0.495711010970	-1.593310154448
0.737636032619	0.556526418727	-0.382323722311	2.521508398119
0.000000000000	0.000000000000	0.000000000000	1.000000000000
50	53	57
0.990030878301	-0.100432058807	-0.098753539552	0.085965768877
0.121212473060	0.964605714108	0.234186576655	-0.029863337518
0.071738388502	-0.243822102924	0.967163060575	0.231277315439
0.000000000000	0.000000000000	0.000000000000	1.000000000000
50	54	57
0.927976733254	0.152417297328	-0.340041394560	0.165705184724
-0.197739456819	0.974863195018	-0.102668681765	-0.114845382462
0.315845357345	0.162513748568	0.934789276666	0.082881758431
0.000000000000	0.000000000000	0.000000000000	1.000000000000
51	52	57
0.852444354502	-0.048911304960	0.520525029873	-0.159899382836
0.062428254170	0.998013617014	-0.008457738246	0.052894446219
-0.519077388795	0.039705220086	0.853804520918	-0.128284675122
0.000000000000	0.000000000000	0.000000000000	1.000000000000
51	53	57
-0.916640950460	-0.062473983567	0.394799150603	-0.467305256928
0.301116861129	0.541624810001	0.784838328024	-0.374430541609
-0.262864991741	0.838295631963	-0.477663510798	2.733635768120
0.000000000000	0.000000000000	0.000000000000	1.000000000000
51	54	57
0.749922049986	0.242539518923	-0.615460397349	0.182720045647
-0.100087595913	0.961253360022	0.256854922070	-0.016587157901
0.653910844144	-0.131021218158	0.745140287666	0.283964137759
0.000000000000	0.000000000000	0.000000000000	1.000000000000
53	54	57
0.926954739908	0.194252776689	-0.320968485852	0.149757590176
-0.309916215257	0.878620623074	-0.363287407201	0.087823806489
0.211439943441	0.436224322406	0.874643636494	-0.100076303885
0.000000000000	0.000000000000	0.000000000000	1.000000000000
53	55	57
0.948471869086	0.286477132569	-0.135395591021	-0.099234824637
-0.279561060871	0.957716290733	0.068008232660	0.114452466466
0.149153366697	-0.026652560482	0.988454811422	-0.038105804582
0.000000000000	0.000000000000	0.000000000000	1.000000000000
